{
 "cells": [
  {
   "cell_type": "code",
   "execution_count": null,
   "id": "a92a19c2",
   "metadata": {},
   "outputs": [],
   "source": [
    "# Write a function that takes start and end of a range returns a Pandas series object containing numbers within that range.\n",
    "# In case the user does not pass start or end or both they should default to 1 and 10 respectively. eg.\n",
    "# range_series() -> Should Return a pandas series from 1 to 10\n",
    "# range_series(5) -> Should Return a pandas series from 5 to 10\n",
    "# range_series(5, 10) -> Should Return a pandas series from 5 to 15Create a method that takes n\n",
    "# numpy arrays of same dimensions sums them and return the answer."
   ]
  },
  {
   "cell_type": "code",
   "execution_count": 5,
   "id": "3e9c68a9",
   "metadata": {},
   "outputs": [],
   "source": [
    "import pandas as pd\n",
    "import numpy as np\n",
    "ser=[]"
   ]
  },
  {
   "cell_type": "code",
   "execution_count": 6,
   "id": "8f5d1fa9",
   "metadata": {},
   "outputs": [],
   "source": [
    "def range_series(a=1,b=10):\n",
    "    for i in range(a,(b+1),1):\n",
    "        ser.append(i)\n",
    "    ser1=pd.Series(ser)\n",
    "    print(ser1)"
   ]
  },
  {
   "cell_type": "code",
   "execution_count": 9,
   "id": "1256abbf",
   "metadata": {},
   "outputs": [
    {
     "name": "stdout",
     "output_type": "stream",
     "text": [
      "0      7\n",
      "1      8\n",
      "2      9\n",
      "3     10\n",
      "4     11\n",
      "5     12\n",
      "6     13\n",
      "7     14\n",
      "8      1\n",
      "9      2\n",
      "10     3\n",
      "11     4\n",
      "12     5\n",
      "13     6\n",
      "14     7\n",
      "15     8\n",
      "16     9\n",
      "17    10\n",
      "dtype: int64\n"
     ]
    }
   ],
   "source": [
    "range_series(1,10)"
   ]
  },
  {
   "cell_type": "code",
   "execution_count": 8,
   "id": "f645c3f6",
   "metadata": {},
   "outputs": [],
   "source": []
  },
  {
   "cell_type": "code",
   "execution_count": 10,
   "id": "42e90e2c",
   "metadata": {},
   "outputs": [
    {
     "name": "stdout",
     "output_type": "stream",
     "text": [
      "0      7\n",
      "1      8\n",
      "2      9\n",
      "3     10\n",
      "4     11\n",
      "5     12\n",
      "6     13\n",
      "7     14\n",
      "8      1\n",
      "9      2\n",
      "10     3\n",
      "11     4\n",
      "12     5\n",
      "13     6\n",
      "14     7\n",
      "15     8\n",
      "16     9\n",
      "17    10\n",
      "18     5\n",
      "19     6\n",
      "20     7\n",
      "21     8\n",
      "22     9\n",
      "23    10\n",
      "dtype: int64\n"
     ]
    }
   ],
   "source": [
    "range_series(5)"
   ]
  },
  {
   "cell_type": "code",
   "execution_count": 11,
   "id": "957e0dda",
   "metadata": {},
   "outputs": [
    {
     "name": "stdout",
     "output_type": "stream",
     "text": [
      "0      7\n",
      "1      8\n",
      "2      9\n",
      "3     10\n",
      "4     11\n",
      "5     12\n",
      "6     13\n",
      "7     14\n",
      "8      1\n",
      "9      2\n",
      "10     3\n",
      "11     4\n",
      "12     5\n",
      "13     6\n",
      "14     7\n",
      "15     8\n",
      "16     9\n",
      "17    10\n",
      "18     5\n",
      "19     6\n",
      "20     7\n",
      "21     8\n",
      "22     9\n",
      "23    10\n",
      "24     5\n",
      "25     6\n",
      "26     7\n",
      "27     8\n",
      "28     9\n",
      "29    10\n",
      "dtype: int64\n"
     ]
    }
   ],
   "source": [
    "range_series(5,10)"
   ]
  },
  {
   "cell_type": "code",
   "execution_count": null,
   "id": "ec9a57c1",
   "metadata": {},
   "outputs": [],
   "source": [
    "# 2) Create a function that takes in two lists named keys and values as arguments.Keys would be strings and contain n string \n",
    "# values. Values would be a list containing n lists. The methods should return a new pandas dataframe with keys as column names \n",
    "# and values as their corresponding values\n",
    "# e.g. -> create_dataframe([\"One\", \"Two\"], [[\"X\", \"Y\"], [\"A\", \"B\"]]) -> should return a dataframe\n",
    "# One Two\n",
    "# 0 X A\n",
    "# 1 Y B"
   ]
  },
  {
   "cell_type": "code",
   "execution_count": 12,
   "id": "96517a66",
   "metadata": {},
   "outputs": [],
   "source": [
    "keys=[]\n",
    "values=[]"
   ]
  },
  {
   "cell_type": "code",
   "execution_count": 13,
   "id": "d32c9369",
   "metadata": {},
   "outputs": [],
   "source": [
    "def Dataframe(keys,values):\n",
    "    global df\n",
    "    df=pd.DataFrame(values)\n",
    "    df.columns=keys\n",
    "    print(df)\n",
    "    return pd.DataFrame(df)"
   ]
  },
  {
   "cell_type": "code",
   "execution_count": 14,
   "id": "ecf5fdce",
   "metadata": {},
   "outputs": [
    {
     "name": "stdout",
     "output_type": "stream",
     "text": [
      "    A   B   C\n",
      "0   x   y   z\n",
      "1  10  20  30\n"
     ]
    }
   ],
   "source": [
    "df1=Dataframe([\"A\",\"B\",\"C\"],[[\"x\",\"y\",\"z\"],[10,20,30]])"
   ]
  },
  {
   "cell_type": "code",
   "execution_count": 15,
   "id": "c2349eda",
   "metadata": {},
   "outputs": [
    {
     "name": "stdout",
     "output_type": "stream",
     "text": [
      "    A   B   C\n",
      "0   i   j   k\n",
      "1  40  50  60\n"
     ]
    }
   ],
   "source": [
    "df2=Dataframe([\"A\",\"B\",\"C\"],[[\"i\",\"j\",\"k\"],[40,50,60]])"
   ]
  },
  {
   "cell_type": "code",
   "execution_count": null,
   "id": "be75c2b2",
   "metadata": {},
   "outputs": [],
   "source": [
    "# 3) Create a function that concatenates two dataframes. Use previously created function to create two dataframes and pass them \n",
    "# as parameters Make sure that the indexes are reset before returning:"
   ]
  },
  {
   "cell_type": "code",
   "execution_count": 16,
   "id": "847a683b",
   "metadata": {},
   "outputs": [],
   "source": [
    "def concatenateDF(df1,df2):\n",
    "    frame=pd.concat([df1,df2],ignore_index=True)\n",
    "    return frame"
   ]
  },
  {
   "cell_type": "code",
   "execution_count": 17,
   "id": "759035a2",
   "metadata": {},
   "outputs": [
    {
     "data": {
      "text/html": [
       "<div>\n",
       "<style scoped>\n",
       "    .dataframe tbody tr th:only-of-type {\n",
       "        vertical-align: middle;\n",
       "    }\n",
       "\n",
       "    .dataframe tbody tr th {\n",
       "        vertical-align: top;\n",
       "    }\n",
       "\n",
       "    .dataframe thead th {\n",
       "        text-align: right;\n",
       "    }\n",
       "</style>\n",
       "<table border=\"1\" class=\"dataframe\">\n",
       "  <thead>\n",
       "    <tr style=\"text-align: right;\">\n",
       "      <th></th>\n",
       "      <th>A</th>\n",
       "      <th>B</th>\n",
       "      <th>C</th>\n",
       "    </tr>\n",
       "  </thead>\n",
       "  <tbody>\n",
       "    <tr>\n",
       "      <th>0</th>\n",
       "      <td>x</td>\n",
       "      <td>y</td>\n",
       "      <td>z</td>\n",
       "    </tr>\n",
       "    <tr>\n",
       "      <th>1</th>\n",
       "      <td>10</td>\n",
       "      <td>20</td>\n",
       "      <td>30</td>\n",
       "    </tr>\n",
       "    <tr>\n",
       "      <th>2</th>\n",
       "      <td>i</td>\n",
       "      <td>j</td>\n",
       "      <td>k</td>\n",
       "    </tr>\n",
       "    <tr>\n",
       "      <th>3</th>\n",
       "      <td>40</td>\n",
       "      <td>50</td>\n",
       "      <td>60</td>\n",
       "    </tr>\n",
       "  </tbody>\n",
       "</table>\n",
       "</div>"
      ],
      "text/plain": [
       "    A   B   C\n",
       "0   x   y   z\n",
       "1  10  20  30\n",
       "2   i   j   k\n",
       "3  40  50  60"
      ]
     },
     "execution_count": 17,
     "metadata": {},
     "output_type": "execute_result"
    }
   ],
   "source": [
    "concatenateDF(df1,df2)"
   ]
  },
  {
   "cell_type": "code",
   "execution_count": null,
   "id": "1942cf4d",
   "metadata": {},
   "outputs": [],
   "source": [
    "# 4) Write code to load data from cars.csv into a dataframe and print its details. Details like: 'count', 'mean', 'std', 'min',\n",
    "# '25%', '50%', '75%', 'max'."
   ]
  },
  {
   "cell_type": "code",
   "execution_count": 21,
   "id": "be9f8e51",
   "metadata": {},
   "outputs": [
    {
     "data": {
      "text/html": [
       "<div>\n",
       "<style scoped>\n",
       "    .dataframe tbody tr th:only-of-type {\n",
       "        vertical-align: middle;\n",
       "    }\n",
       "\n",
       "    .dataframe tbody tr th {\n",
       "        vertical-align: top;\n",
       "    }\n",
       "\n",
       "    .dataframe thead th {\n",
       "        text-align: right;\n",
       "    }\n",
       "</style>\n",
       "<table border=\"1\" class=\"dataframe\">\n",
       "  <thead>\n",
       "    <tr style=\"text-align: right;\">\n",
       "      <th></th>\n",
       "      <th>symboling</th>\n",
       "      <th>wheel-base</th>\n",
       "      <th>length</th>\n",
       "      <th>width</th>\n",
       "      <th>height</th>\n",
       "      <th>curb-weight</th>\n",
       "      <th>engine-size</th>\n",
       "      <th>compression-ratio</th>\n",
       "      <th>city-mpg</th>\n",
       "      <th>highway-mpg</th>\n",
       "    </tr>\n",
       "  </thead>\n",
       "  <tbody>\n",
       "    <tr>\n",
       "      <th>count</th>\n",
       "      <td>205.000000</td>\n",
       "      <td>205.000000</td>\n",
       "      <td>205.000000</td>\n",
       "      <td>205.000000</td>\n",
       "      <td>205.000000</td>\n",
       "      <td>205.000000</td>\n",
       "      <td>205.000000</td>\n",
       "      <td>205.000000</td>\n",
       "      <td>205.000000</td>\n",
       "      <td>205.000000</td>\n",
       "    </tr>\n",
       "    <tr>\n",
       "      <th>mean</th>\n",
       "      <td>0.834146</td>\n",
       "      <td>98.756585</td>\n",
       "      <td>174.049268</td>\n",
       "      <td>65.907805</td>\n",
       "      <td>53.724878</td>\n",
       "      <td>2555.565854</td>\n",
       "      <td>126.907317</td>\n",
       "      <td>10.142537</td>\n",
       "      <td>25.219512</td>\n",
       "      <td>30.751220</td>\n",
       "    </tr>\n",
       "    <tr>\n",
       "      <th>std</th>\n",
       "      <td>1.245307</td>\n",
       "      <td>6.021776</td>\n",
       "      <td>12.337289</td>\n",
       "      <td>2.145204</td>\n",
       "      <td>2.443522</td>\n",
       "      <td>520.680204</td>\n",
       "      <td>41.642693</td>\n",
       "      <td>3.972040</td>\n",
       "      <td>6.542142</td>\n",
       "      <td>6.886443</td>\n",
       "    </tr>\n",
       "    <tr>\n",
       "      <th>min</th>\n",
       "      <td>-2.000000</td>\n",
       "      <td>86.600000</td>\n",
       "      <td>141.100000</td>\n",
       "      <td>60.300000</td>\n",
       "      <td>47.800000</td>\n",
       "      <td>1488.000000</td>\n",
       "      <td>61.000000</td>\n",
       "      <td>7.000000</td>\n",
       "      <td>13.000000</td>\n",
       "      <td>16.000000</td>\n",
       "    </tr>\n",
       "    <tr>\n",
       "      <th>25%</th>\n",
       "      <td>0.000000</td>\n",
       "      <td>94.500000</td>\n",
       "      <td>166.300000</td>\n",
       "      <td>64.100000</td>\n",
       "      <td>52.000000</td>\n",
       "      <td>2145.000000</td>\n",
       "      <td>97.000000</td>\n",
       "      <td>8.600000</td>\n",
       "      <td>19.000000</td>\n",
       "      <td>25.000000</td>\n",
       "    </tr>\n",
       "    <tr>\n",
       "      <th>50%</th>\n",
       "      <td>1.000000</td>\n",
       "      <td>97.000000</td>\n",
       "      <td>173.200000</td>\n",
       "      <td>65.500000</td>\n",
       "      <td>54.100000</td>\n",
       "      <td>2414.000000</td>\n",
       "      <td>120.000000</td>\n",
       "      <td>9.000000</td>\n",
       "      <td>24.000000</td>\n",
       "      <td>30.000000</td>\n",
       "    </tr>\n",
       "    <tr>\n",
       "      <th>75%</th>\n",
       "      <td>2.000000</td>\n",
       "      <td>102.400000</td>\n",
       "      <td>183.100000</td>\n",
       "      <td>66.900000</td>\n",
       "      <td>55.500000</td>\n",
       "      <td>2935.000000</td>\n",
       "      <td>141.000000</td>\n",
       "      <td>9.400000</td>\n",
       "      <td>30.000000</td>\n",
       "      <td>34.000000</td>\n",
       "    </tr>\n",
       "    <tr>\n",
       "      <th>max</th>\n",
       "      <td>3.000000</td>\n",
       "      <td>120.900000</td>\n",
       "      <td>208.100000</td>\n",
       "      <td>72.300000</td>\n",
       "      <td>59.800000</td>\n",
       "      <td>4066.000000</td>\n",
       "      <td>326.000000</td>\n",
       "      <td>23.000000</td>\n",
       "      <td>49.000000</td>\n",
       "      <td>54.000000</td>\n",
       "    </tr>\n",
       "  </tbody>\n",
       "</table>\n",
       "</div>"
      ],
      "text/plain": [
       "        symboling  wheel-base      length       width      height  \\\n",
       "count  205.000000  205.000000  205.000000  205.000000  205.000000   \n",
       "mean     0.834146   98.756585  174.049268   65.907805   53.724878   \n",
       "std      1.245307    6.021776   12.337289    2.145204    2.443522   \n",
       "min     -2.000000   86.600000  141.100000   60.300000   47.800000   \n",
       "25%      0.000000   94.500000  166.300000   64.100000   52.000000   \n",
       "50%      1.000000   97.000000  173.200000   65.500000   54.100000   \n",
       "75%      2.000000  102.400000  183.100000   66.900000   55.500000   \n",
       "max      3.000000  120.900000  208.100000   72.300000   59.800000   \n",
       "\n",
       "       curb-weight  engine-size  compression-ratio    city-mpg  highway-mpg  \n",
       "count   205.000000   205.000000         205.000000  205.000000   205.000000  \n",
       "mean   2555.565854   126.907317          10.142537   25.219512    30.751220  \n",
       "std     520.680204    41.642693           3.972040    6.542142     6.886443  \n",
       "min    1488.000000    61.000000           7.000000   13.000000    16.000000  \n",
       "25%    2145.000000    97.000000           8.600000   19.000000    25.000000  \n",
       "50%    2414.000000   120.000000           9.000000   24.000000    30.000000  \n",
       "75%    2935.000000   141.000000           9.400000   30.000000    34.000000  \n",
       "max    4066.000000   326.000000          23.000000   49.000000    54.000000  "
      ]
     },
     "execution_count": 21,
     "metadata": {},
     "output_type": "execute_result"
    }
   ],
   "source": [
    "cars=pd.read_csv(\"C:\\Seema Python CSV\\cars.csv\")\n",
    "cars.describe()"
   ]
  },
  {
   "cell_type": "code",
   "execution_count": null,
   "id": "dec00f2b",
   "metadata": {},
   "outputs": [],
   "source": [
    "# 5) Write a method that will take a column name as argument and return the name of the column with which the given column has \n",
    "# the highest correlation. The data to be used is the cars dataset. The returned value should not the column named that was \n",
    "# passed as the parameters.\n",
    "#E.G: get_max_correlated_column('mpg') -> should return 'compression-ratio'"
   ]
  },
  {
   "cell_type": "code",
   "execution_count": 22,
   "id": "cd49564e",
   "metadata": {},
   "outputs": [
    {
     "data": {
      "text/html": [
       "<div>\n",
       "<style scoped>\n",
       "    .dataframe tbody tr th:only-of-type {\n",
       "        vertical-align: middle;\n",
       "    }\n",
       "\n",
       "    .dataframe tbody tr th {\n",
       "        vertical-align: top;\n",
       "    }\n",
       "\n",
       "    .dataframe thead th {\n",
       "        text-align: right;\n",
       "    }\n",
       "</style>\n",
       "<table border=\"1\" class=\"dataframe\">\n",
       "  <thead>\n",
       "    <tr style=\"text-align: right;\">\n",
       "      <th></th>\n",
       "      <th>symboling</th>\n",
       "      <th>wheel-base</th>\n",
       "      <th>length</th>\n",
       "      <th>width</th>\n",
       "      <th>height</th>\n",
       "      <th>curb-weight</th>\n",
       "      <th>engine-size</th>\n",
       "      <th>compression-ratio</th>\n",
       "      <th>city-mpg</th>\n",
       "      <th>highway-mpg</th>\n",
       "    </tr>\n",
       "  </thead>\n",
       "  <tbody>\n",
       "    <tr>\n",
       "      <th>symboling</th>\n",
       "      <td>1.000000</td>\n",
       "      <td>-0.531954</td>\n",
       "      <td>-0.357612</td>\n",
       "      <td>-0.232919</td>\n",
       "      <td>-0.541038</td>\n",
       "      <td>-0.227691</td>\n",
       "      <td>-0.105790</td>\n",
       "      <td>-0.178515</td>\n",
       "      <td>-0.035823</td>\n",
       "      <td>0.034606</td>\n",
       "    </tr>\n",
       "    <tr>\n",
       "      <th>wheel-base</th>\n",
       "      <td>-0.531954</td>\n",
       "      <td>1.000000</td>\n",
       "      <td>0.874587</td>\n",
       "      <td>0.795144</td>\n",
       "      <td>0.589435</td>\n",
       "      <td>0.776386</td>\n",
       "      <td>0.569329</td>\n",
       "      <td>0.249786</td>\n",
       "      <td>-0.470414</td>\n",
       "      <td>-0.544082</td>\n",
       "    </tr>\n",
       "    <tr>\n",
       "      <th>length</th>\n",
       "      <td>-0.357612</td>\n",
       "      <td>0.874587</td>\n",
       "      <td>1.000000</td>\n",
       "      <td>0.841118</td>\n",
       "      <td>0.491029</td>\n",
       "      <td>0.877728</td>\n",
       "      <td>0.683360</td>\n",
       "      <td>0.158414</td>\n",
       "      <td>-0.670909</td>\n",
       "      <td>-0.704662</td>\n",
       "    </tr>\n",
       "    <tr>\n",
       "      <th>width</th>\n",
       "      <td>-0.232919</td>\n",
       "      <td>0.795144</td>\n",
       "      <td>0.841118</td>\n",
       "      <td>1.000000</td>\n",
       "      <td>0.279210</td>\n",
       "      <td>0.867032</td>\n",
       "      <td>0.735433</td>\n",
       "      <td>0.181129</td>\n",
       "      <td>-0.642704</td>\n",
       "      <td>-0.677218</td>\n",
       "    </tr>\n",
       "    <tr>\n",
       "      <th>height</th>\n",
       "      <td>-0.541038</td>\n",
       "      <td>0.589435</td>\n",
       "      <td>0.491029</td>\n",
       "      <td>0.279210</td>\n",
       "      <td>1.000000</td>\n",
       "      <td>0.295572</td>\n",
       "      <td>0.067149</td>\n",
       "      <td>0.261214</td>\n",
       "      <td>-0.048640</td>\n",
       "      <td>-0.107358</td>\n",
       "    </tr>\n",
       "    <tr>\n",
       "      <th>curb-weight</th>\n",
       "      <td>-0.227691</td>\n",
       "      <td>0.776386</td>\n",
       "      <td>0.877728</td>\n",
       "      <td>0.867032</td>\n",
       "      <td>0.295572</td>\n",
       "      <td>1.000000</td>\n",
       "      <td>0.850594</td>\n",
       "      <td>0.151362</td>\n",
       "      <td>-0.757414</td>\n",
       "      <td>-0.797465</td>\n",
       "    </tr>\n",
       "    <tr>\n",
       "      <th>engine-size</th>\n",
       "      <td>-0.105790</td>\n",
       "      <td>0.569329</td>\n",
       "      <td>0.683360</td>\n",
       "      <td>0.735433</td>\n",
       "      <td>0.067149</td>\n",
       "      <td>0.850594</td>\n",
       "      <td>1.000000</td>\n",
       "      <td>0.028971</td>\n",
       "      <td>-0.653658</td>\n",
       "      <td>-0.677470</td>\n",
       "    </tr>\n",
       "    <tr>\n",
       "      <th>compression-ratio</th>\n",
       "      <td>-0.178515</td>\n",
       "      <td>0.249786</td>\n",
       "      <td>0.158414</td>\n",
       "      <td>0.181129</td>\n",
       "      <td>0.261214</td>\n",
       "      <td>0.151362</td>\n",
       "      <td>0.028971</td>\n",
       "      <td>1.000000</td>\n",
       "      <td>0.324701</td>\n",
       "      <td>0.265201</td>\n",
       "    </tr>\n",
       "    <tr>\n",
       "      <th>city-mpg</th>\n",
       "      <td>-0.035823</td>\n",
       "      <td>-0.470414</td>\n",
       "      <td>-0.670909</td>\n",
       "      <td>-0.642704</td>\n",
       "      <td>-0.048640</td>\n",
       "      <td>-0.757414</td>\n",
       "      <td>-0.653658</td>\n",
       "      <td>0.324701</td>\n",
       "      <td>1.000000</td>\n",
       "      <td>0.971337</td>\n",
       "    </tr>\n",
       "    <tr>\n",
       "      <th>highway-mpg</th>\n",
       "      <td>0.034606</td>\n",
       "      <td>-0.544082</td>\n",
       "      <td>-0.704662</td>\n",
       "      <td>-0.677218</td>\n",
       "      <td>-0.107358</td>\n",
       "      <td>-0.797465</td>\n",
       "      <td>-0.677470</td>\n",
       "      <td>0.265201</td>\n",
       "      <td>0.971337</td>\n",
       "      <td>1.000000</td>\n",
       "    </tr>\n",
       "  </tbody>\n",
       "</table>\n",
       "</div>"
      ],
      "text/plain": [
       "                   symboling  wheel-base    length     width    height  \\\n",
       "symboling           1.000000   -0.531954 -0.357612 -0.232919 -0.541038   \n",
       "wheel-base         -0.531954    1.000000  0.874587  0.795144  0.589435   \n",
       "length             -0.357612    0.874587  1.000000  0.841118  0.491029   \n",
       "width              -0.232919    0.795144  0.841118  1.000000  0.279210   \n",
       "height             -0.541038    0.589435  0.491029  0.279210  1.000000   \n",
       "curb-weight        -0.227691    0.776386  0.877728  0.867032  0.295572   \n",
       "engine-size        -0.105790    0.569329  0.683360  0.735433  0.067149   \n",
       "compression-ratio  -0.178515    0.249786  0.158414  0.181129  0.261214   \n",
       "city-mpg           -0.035823   -0.470414 -0.670909 -0.642704 -0.048640   \n",
       "highway-mpg         0.034606   -0.544082 -0.704662 -0.677218 -0.107358   \n",
       "\n",
       "                   curb-weight  engine-size  compression-ratio  city-mpg  \\\n",
       "symboling            -0.227691    -0.105790          -0.178515 -0.035823   \n",
       "wheel-base            0.776386     0.569329           0.249786 -0.470414   \n",
       "length                0.877728     0.683360           0.158414 -0.670909   \n",
       "width                 0.867032     0.735433           0.181129 -0.642704   \n",
       "height                0.295572     0.067149           0.261214 -0.048640   \n",
       "curb-weight           1.000000     0.850594           0.151362 -0.757414   \n",
       "engine-size           0.850594     1.000000           0.028971 -0.653658   \n",
       "compression-ratio     0.151362     0.028971           1.000000  0.324701   \n",
       "city-mpg             -0.757414    -0.653658           0.324701  1.000000   \n",
       "highway-mpg          -0.797465    -0.677470           0.265201  0.971337   \n",
       "\n",
       "                   highway-mpg  \n",
       "symboling             0.034606  \n",
       "wheel-base           -0.544082  \n",
       "length               -0.704662  \n",
       "width                -0.677218  \n",
       "height               -0.107358  \n",
       "curb-weight          -0.797465  \n",
       "engine-size          -0.677470  \n",
       "compression-ratio     0.265201  \n",
       "city-mpg              0.971337  \n",
       "highway-mpg           1.000000  "
      ]
     },
     "execution_count": 22,
     "metadata": {},
     "output_type": "execute_result"
    }
   ],
   "source": [
    "c=cars.corr()\n",
    "c"
   ]
  },
  {
   "cell_type": "code",
   "execution_count": 23,
   "id": "4db74a2c",
   "metadata": {},
   "outputs": [
    {
     "data": {
      "text/html": [
       "<div>\n",
       "<style scoped>\n",
       "    .dataframe tbody tr th:only-of-type {\n",
       "        vertical-align: middle;\n",
       "    }\n",
       "\n",
       "    .dataframe tbody tr th {\n",
       "        vertical-align: top;\n",
       "    }\n",
       "\n",
       "    .dataframe thead th {\n",
       "        text-align: right;\n",
       "    }\n",
       "</style>\n",
       "<table border=\"1\" class=\"dataframe\">\n",
       "  <thead>\n",
       "    <tr style=\"text-align: right;\">\n",
       "      <th></th>\n",
       "      <th>symboling</th>\n",
       "      <th>wheel-base</th>\n",
       "      <th>length</th>\n",
       "      <th>width</th>\n",
       "      <th>height</th>\n",
       "      <th>curb-weight</th>\n",
       "      <th>engine-size</th>\n",
       "      <th>compression-ratio</th>\n",
       "      <th>city-mpg</th>\n",
       "      <th>highway-mpg</th>\n",
       "    </tr>\n",
       "  </thead>\n",
       "  <tbody>\n",
       "    <tr>\n",
       "      <th>symboling</th>\n",
       "      <td>-3.000000</td>\n",
       "      <td>-0.531954</td>\n",
       "      <td>-0.357612</td>\n",
       "      <td>-0.232919</td>\n",
       "      <td>-0.541038</td>\n",
       "      <td>-0.227691</td>\n",
       "      <td>-0.105790</td>\n",
       "      <td>-0.178515</td>\n",
       "      <td>-0.035823</td>\n",
       "      <td>0.034606</td>\n",
       "    </tr>\n",
       "    <tr>\n",
       "      <th>wheel-base</th>\n",
       "      <td>-0.531954</td>\n",
       "      <td>-3.000000</td>\n",
       "      <td>0.874587</td>\n",
       "      <td>0.795144</td>\n",
       "      <td>0.589435</td>\n",
       "      <td>0.776386</td>\n",
       "      <td>0.569329</td>\n",
       "      <td>0.249786</td>\n",
       "      <td>-0.470414</td>\n",
       "      <td>-0.544082</td>\n",
       "    </tr>\n",
       "    <tr>\n",
       "      <th>length</th>\n",
       "      <td>-0.357612</td>\n",
       "      <td>0.874587</td>\n",
       "      <td>-3.000000</td>\n",
       "      <td>0.841118</td>\n",
       "      <td>0.491029</td>\n",
       "      <td>0.877728</td>\n",
       "      <td>0.683360</td>\n",
       "      <td>0.158414</td>\n",
       "      <td>-0.670909</td>\n",
       "      <td>-0.704662</td>\n",
       "    </tr>\n",
       "    <tr>\n",
       "      <th>width</th>\n",
       "      <td>-0.232919</td>\n",
       "      <td>0.795144</td>\n",
       "      <td>0.841118</td>\n",
       "      <td>-3.000000</td>\n",
       "      <td>0.279210</td>\n",
       "      <td>0.867032</td>\n",
       "      <td>0.735433</td>\n",
       "      <td>0.181129</td>\n",
       "      <td>-0.642704</td>\n",
       "      <td>-0.677218</td>\n",
       "    </tr>\n",
       "    <tr>\n",
       "      <th>height</th>\n",
       "      <td>-0.541038</td>\n",
       "      <td>0.589435</td>\n",
       "      <td>0.491029</td>\n",
       "      <td>0.279210</td>\n",
       "      <td>-3.000000</td>\n",
       "      <td>0.295572</td>\n",
       "      <td>0.067149</td>\n",
       "      <td>0.261214</td>\n",
       "      <td>-0.048640</td>\n",
       "      <td>-0.107358</td>\n",
       "    </tr>\n",
       "    <tr>\n",
       "      <th>curb-weight</th>\n",
       "      <td>-0.227691</td>\n",
       "      <td>0.776386</td>\n",
       "      <td>0.877728</td>\n",
       "      <td>0.867032</td>\n",
       "      <td>0.295572</td>\n",
       "      <td>-3.000000</td>\n",
       "      <td>0.850594</td>\n",
       "      <td>0.151362</td>\n",
       "      <td>-0.757414</td>\n",
       "      <td>-0.797465</td>\n",
       "    </tr>\n",
       "    <tr>\n",
       "      <th>engine-size</th>\n",
       "      <td>-0.105790</td>\n",
       "      <td>0.569329</td>\n",
       "      <td>0.683360</td>\n",
       "      <td>0.735433</td>\n",
       "      <td>0.067149</td>\n",
       "      <td>0.850594</td>\n",
       "      <td>-3.000000</td>\n",
       "      <td>0.028971</td>\n",
       "      <td>-0.653658</td>\n",
       "      <td>-0.677470</td>\n",
       "    </tr>\n",
       "    <tr>\n",
       "      <th>compression-ratio</th>\n",
       "      <td>-0.178515</td>\n",
       "      <td>0.249786</td>\n",
       "      <td>0.158414</td>\n",
       "      <td>0.181129</td>\n",
       "      <td>0.261214</td>\n",
       "      <td>0.151362</td>\n",
       "      <td>0.028971</td>\n",
       "      <td>-3.000000</td>\n",
       "      <td>0.324701</td>\n",
       "      <td>0.265201</td>\n",
       "    </tr>\n",
       "    <tr>\n",
       "      <th>city-mpg</th>\n",
       "      <td>-0.035823</td>\n",
       "      <td>-0.470414</td>\n",
       "      <td>-0.670909</td>\n",
       "      <td>-0.642704</td>\n",
       "      <td>-0.048640</td>\n",
       "      <td>-0.757414</td>\n",
       "      <td>-0.653658</td>\n",
       "      <td>0.324701</td>\n",
       "      <td>-3.000000</td>\n",
       "      <td>0.971337</td>\n",
       "    </tr>\n",
       "    <tr>\n",
       "      <th>highway-mpg</th>\n",
       "      <td>0.034606</td>\n",
       "      <td>-0.544082</td>\n",
       "      <td>-0.704662</td>\n",
       "      <td>-0.677218</td>\n",
       "      <td>-0.107358</td>\n",
       "      <td>-0.797465</td>\n",
       "      <td>-0.677470</td>\n",
       "      <td>0.265201</td>\n",
       "      <td>0.971337</td>\n",
       "      <td>-3.000000</td>\n",
       "    </tr>\n",
       "  </tbody>\n",
       "</table>\n",
       "</div>"
      ],
      "text/plain": [
       "                   symboling  wheel-base    length     width    height  \\\n",
       "symboling          -3.000000   -0.531954 -0.357612 -0.232919 -0.541038   \n",
       "wheel-base         -0.531954   -3.000000  0.874587  0.795144  0.589435   \n",
       "length             -0.357612    0.874587 -3.000000  0.841118  0.491029   \n",
       "width              -0.232919    0.795144  0.841118 -3.000000  0.279210   \n",
       "height             -0.541038    0.589435  0.491029  0.279210 -3.000000   \n",
       "curb-weight        -0.227691    0.776386  0.877728  0.867032  0.295572   \n",
       "engine-size        -0.105790    0.569329  0.683360  0.735433  0.067149   \n",
       "compression-ratio  -0.178515    0.249786  0.158414  0.181129  0.261214   \n",
       "city-mpg           -0.035823   -0.470414 -0.670909 -0.642704 -0.048640   \n",
       "highway-mpg         0.034606   -0.544082 -0.704662 -0.677218 -0.107358   \n",
       "\n",
       "                   curb-weight  engine-size  compression-ratio  city-mpg  \\\n",
       "symboling            -0.227691    -0.105790          -0.178515 -0.035823   \n",
       "wheel-base            0.776386     0.569329           0.249786 -0.470414   \n",
       "length                0.877728     0.683360           0.158414 -0.670909   \n",
       "width                 0.867032     0.735433           0.181129 -0.642704   \n",
       "height                0.295572     0.067149           0.261214 -0.048640   \n",
       "curb-weight          -3.000000     0.850594           0.151362 -0.757414   \n",
       "engine-size           0.850594    -3.000000           0.028971 -0.653658   \n",
       "compression-ratio     0.151362     0.028971          -3.000000  0.324701   \n",
       "city-mpg             -0.757414    -0.653658           0.324701 -3.000000   \n",
       "highway-mpg          -0.797465    -0.677470           0.265201  0.971337   \n",
       "\n",
       "                   highway-mpg  \n",
       "symboling             0.034606  \n",
       "wheel-base           -0.544082  \n",
       "length               -0.704662  \n",
       "width                -0.677218  \n",
       "height               -0.107358  \n",
       "curb-weight          -0.797465  \n",
       "engine-size          -0.677470  \n",
       "compression-ratio     0.265201  \n",
       "city-mpg              0.971337  \n",
       "highway-mpg          -3.000000  "
      ]
     },
     "execution_count": 23,
     "metadata": {},
     "output_type": "execute_result"
    }
   ],
   "source": [
    "import numpy as np\n",
    "np.fill_diagonal(c.values,-3)\n",
    "c"
   ]
  },
  {
   "cell_type": "code",
   "execution_count": 24,
   "id": "c19f4474",
   "metadata": {},
   "outputs": [],
   "source": [
    "def getcolumn (df,column):\n",
    "    a=df[column].max()\n",
    "    return c[column].sort_values(ascending=False).index[1]"
   ]
  },
  {
   "cell_type": "code",
   "execution_count": 28,
   "id": "8ad72cb3",
   "metadata": {},
   "outputs": [
    {
     "data": {
      "text/plain": [
       "'compression-ratio'"
      ]
     },
     "execution_count": 28,
     "metadata": {},
     "output_type": "execute_result"
    }
   ],
   "source": [
    "getcolumn(c,'highway-mpg')"
   ]
  }
 ],
 "metadata": {
  "kernelspec": {
   "display_name": "Python 3",
   "language": "python",
   "name": "python3"
  },
  "language_info": {
   "codemirror_mode": {
    "name": "ipython",
    "version": 3
   },
   "file_extension": ".py",
   "mimetype": "text/x-python",
   "name": "python",
   "nbconvert_exporter": "python",
   "pygments_lexer": "ipython3",
   "version": "3.8.8"
  }
 },
 "nbformat": 4,
 "nbformat_minor": 5
}
